AS36954:0.172036
AS29544:0.230299
AS16637:-0.023979
AS3741:0.024224
AS37149:0.035553
AS16637:-0.022742
AS3208:0.012603
AS16637:-0.028070
AS37139:29.783700
AS6713:0.042417
AS37179:-0.002630
AS2609:0.027741
AS7020:0.004082
AS36874:0.002862
AS15964:0.175091
AS36877:-0.024565
AS29571:11.870306
AS5713:0.190357
AS30983:0.022914
AS3741:-0.018006
AS16422:14.018511
AS21003:0.055371
AS24757:0.017680
AS16214:0.033156
AS6713:0.027071
AS37153:-0.048404
AS25695:0.209367
AS33774:0.318820
AS6713:0.034030
AS5713:0.171954
AS12440:0.020498
AS30969:-0.005812
AS37197:0.067275
AS5713:0.194045
AS2609:0.013023
AS37233:0.540116
AS36934:0.070033
AS36874:0.003680
AS36977:-0.001370
AS37130:-0.022926
AS12258:-0.001864
AS16637:0.019675
AS11845:-0.030654
AS36968:0.190448
AS21844:13.278168
AS12258:0.001204
AS5511:0.737669
AS37076:0.024490
AS21271:-0.065079
AS16284:0.176297
AS15964:0.215055
AS3741:0.031199
AS3741:-0.022309
AS30983:0.022782
AS30985:-0.077732
AS23889:0.190431
AS2018:2.843308
AS24863:3.218592
AS5713:0.190043
AS8094:0.003561
AS6713:0.041385
AS37031:0.085878
AS5713:0.328731
AS30983:0.028994
AS15475:0.076581
AS12455:0.000975
AS36865:-0.180102
AS10474:-0.031349
AS30983:0.021145
AS36911:0.053238
AS22355:-0.003120
AS37153:-0.024076
AS20598:11.972682
AS3208:0.006931
AS37179:-0.000177
AS36879:0.012013
AS36994:0.224478
AS30983:0.020998
AS33765:0.122418
AS12258:0.033168
AS36955:-0.001488
AS16637:-0.028581
AS8094:-0.027526
AS6713:0.049897
AS2018:-0.024518
AS33782:4.437460
AS56696:-0.180678
AS36891:0.025889
AS3741:-0.022257
AS32437:0.183743
AS8346:-0.068726
AS30983:0.020460
AS2018:0.000128
AS37134:0.174216
AS16637:-0.024584
AS12455:0.000126
AS2018:3.205908
AS3741:-0.026144
AS21391:0.020760
AS36918:0.024528
AS29544:-0.066439
AS16637:0.009904
AS17175:0.003307
AS10474:0.001177
AS24863:0.068124
AS3208:0.027204
AS36953:0.155062
AS7020:-0.036311
AS36977:0.001801
AS5713:0.173883
AS2018:0.001712
AS11845:-0.031473
AS2018:0.000029
AS10474:-0.023753
AS30983:0.018727
AS8657:0.109532
AS36923:0.161912
AS2018:-0.023581
AS6713:0.038557
