AS9443:-0.002252
AS9822:-0.000454
AS45138:0.027601
AS18111:-0.028573
AS45577:0.000892
AS4739:-0.016014
AS4770:-0.010939
AS17746:-0.000453
AS4770:-0.004863
AS38803:0.012791
AS18192:-0.001062
AS9512:-0.017832
AS4739:-0.022624
AS9667:-0.041318
AS24061:0.130822
AS9733:2.951149
AS10223:0.001860
AS9889:-0.002261
AS10218:-0.002511
AS9544:0.005515
AS703:-0.026503
AS17545:-0.030552
AS9889:-0.000247
AS24541:11.616614
AS7600:0.001597
AS2764:-0.022899
AS7575:-0.001713
AS4802:0.047697
AS6939:0.009578
AS18200:-0.000901
AS23645:0.000132
AS7657:-0.002376
AS45671:-0.001397
AS7570:29.995093
AS4739:-0.000460
AS9790:-0.003492
AS4804:0.041400
AS9303:-0.000352
AS24238:3.021986
AS9328:0.003909
AS45527:-0.008871
AS55449:-0.000300
AS10223:-0.000140
AS9300:0.003349
AS24395:0.002831
AS45486:0.095361
AS17462:0.000400
AS4768:-0.000815
AS9889:8.143525
AS23863:-0.000913
AS9749:3.062798
AS10223:-0.009498
AS9797:11.679420
AS45671:-0.001268
AS9303:-0.000337
AS10083:0.000621
AS4851:-0.011365
AS24339:-0.002124
AS1221:11.300329
AS17746:-0.008824
AS1221:-0.009472
AS4804:-0.019379
AS7575:-0.000685
AS58434:-0.000489
AS7600:-0.011942
AS9790:0.003380
AS24446:0.000368
AS9556:-0.003168
AS2914:0.239560
AS23670:-0.001595
AS24557:0.010305
AS4802:-0.002940
AS17477:-0.005524
AS9820:0.000644
AS24557:0.011201
AS38835:0.248531
AS9328:-0.000052
AS7543:-0.005928
AS55736:0.017761
AS9303:-0.000192
AS17559:0.016440
AS9471:0.270477
AS2764:-0.126474
AS10236:0.000646
AS7657:-0.001331
AS30176:0.062922
AS18345:0.003056
AS6939:0.000801
AS23726:-0.012741
AS10223:0.001101
AS23857:0.002305
AS4764:0.000001
AS24541:-0.000002
AS24541:0.060331
AS7579:-0.025347
AS24437:0.035437
AS18250:25.663362
AS18390:-0.003621
AS1221:0.001606
AS4768:-0.045770
AS9889:-0.009402
AS1221:0.010862
AS9224:-0.001564
AS9443:-0.003203
AS4648:-0.033066
AS4804:0.007837
AS9942:0.015135
AS17559:0.016158
AS4854:-0.000637
AS45486:0.093230
AS9241:-0.016031
AS24238:0.009939
AS1221:0.002456
AS4739:-0.000296
AS17920:0.010501
AS24098:-0.008063
AS7543:-0.005063
AS38880:0.015171
AS17139:13.667902
AS7575:-0.000581
AS24557:0.018669
AS9942:0.003037
AS10223:0.004274
AS9328:-0.014138
AS24557:0.014430
AS18111:-0.000785
AS10223:-0.010570
AS9268:3.007489
AS10083:0.000271
AS7657:-0.000656
AS2764:-0.013711
AS4768:-0.043237
AS7720:0.000735
AS45840:-0.000169
AS55762:-0.018693
AS1221:-0.005040
AS17462:-0.000468
AS9738:-0.005672
AS1221:-0.130182
AS24557:0.013610
AS9432:0.024897
AS703:-0.012612
AS2764:-0.009993
AS10143:-0.010610
AS9519:-0.000317
AS7575:-0.000957
AS1221:-0.004073
AS45425:0.012499
AS26277:0.000252
AS38083:-0.326400
AS17828:0.280968
AS45425:0.011904
AS24557:0.011896
AS24238:-0.000260
AS18390:0.002386
AS45123:-0.006156
AS4739:-0.017657
AS55455:-0.008649
AS18111:-0.000942
AS4648:-0.035589
AS24557:-0.000959
AS45123:-0.002317
AS18111:-0.000583
AS38477:-0.037264
AS9822:0.001148
AS23667:2.487353
AS10223:0.001204
AS4851:-0.011448
AS18065:0.001297
AS1221:-0.005501
AS10223:-0.002294
AS24238:-0.000117
AS9328:-0.004559
AS38458:2.919067
AS17766:-0.000593
AS33070:0.027886
AS18390:0.000205
AS9652:-0.001281
AS9889:-0.000255
AS24557:0.013189
AS9738:-0.016524
AS46636:0.063007
AS4739:-0.013408
AS9512:0.013191
AS9499:-0.001327
AS45577:-0.002703
AS45454:-0.002966
AS23857:0.003418
AS38280:0.080272
AS24443:-0.007627
AS4770:-0.011798
AS1221:2.984451
AS7543:-0.009073
AS2764:-0.012419
AS1221:-0.016865
AS9303:-0.000170
AS38620:0.000736
AS7575:-0.010880
AS24093:-0.000652
AS17492:1.239884
AS45577:-0.000609
AS10223:0.008725
AS2764:0.010838
AS45522:0.022103
AS23670:-0.014059
AS38544:-0.000461
AS10113:0.003218
AS24438:0.020090
AS7545:0.114657
AS23719:-0.314184
AS9942:0.047906
AS24238:-0.000148
AS9512:-0.012107
AS45349:0.052612
AS18345:0.013186
AS45349:0.008110
AS10113:0.014974
AS1221:-0.009279
AS18117:0.124245
AS7474:-0.012053
AS45425:0.011944
AS38544:-0.011901
AS24130:0.014083
